90 8 29
44 6 77
63 46 27
8 60 34
7 73 16
9 7 56
26 33 25
45 73 83
40 65 91
97 15 21
52 0 20
60 27 43
62 51 37
65 22 42
82 30 24
43 20 90
99 30 57
82 45 44
33 53 69
88 65 59
71 28 25
25 88 90
11 62 53
36 35 86
98 19 72
68 43 83
0 55 54
13 39 17
8 83 78
26 33 89
62 99 39
3 67 41
68 81 18
8 69 17
44 62 38
94 1 71
9 76 56
47 1 96
78 5 82
43 91 37
50 51 33
91 87 10
76 21 20
78 40 80
73 45 18
87 36 36
43 13 13
85 84 17
10 82 48
4 42 100
23 74 50
48 21 53
38 73 45
11 0 15
77 76 44
93 37 49
33 36 81
25 96 47
34 63 23
22 2 70
78 77 26
18 17 83
22 8 42
20 65 96
67 34 99
72 36 10
3 58 26
61 27 14
72 86 39
24 24 15
14 94 11
84 17 88
92 91 62
36 59 44
3 43 91
91 34 82
5 2 57
55 34 15
91 9 58
100 14 27
69 47 20
29 67 16
26 50 91
32 65 67
49 25 92
89 85 92
40 68 87
80 30 14
39 26 83
76 58 46
24 51 45
74 60 34
38 91 77
25 39 80
59 9 93
70 1 51
76 93 21
92 88 90
30 37 52
17 30 100
63 30 60
40 97 27
56 34 25
31 18 43
18 32 43
50 50 21
28 78 61
66 53 82
25 81 85
67 22 70
89 89 36
92 92 97
24 79 72
90 95 14
64 53 69
59 55 17
63 69 17
34 36 52
69 13 35
16 83 13
91 22 51
98 61 94
8 99 98
91 21 57
46 89 37
54 31 66
28 4 35
44 99 50
31 9 15
33 45 46
98 18 69
13 98 100
42 1 63
61 69 79
25 55 68
74 42 71
23 17 65
40 99 63
28 42 31
88 45 43
22 64 93
53 77 88
71 44 100
98 78 48
61 28 19
99 54 32
11 50 18
25 50 27
22 0 11
88 91 54
6 11 72
58 39 69
67 71 60
5 17 38
51 47 93
14 86 96
39 6 38
77 79 15
27 57 55
91 56 31
55 74 86
61 9 78
6 96 31
87 11 48
36 45 42
8 23 82
36 30 65
29 79 79
5 34 40
17 52 34
42 17 16
69 25 81
27 17 82
69 3 91
36 81 97
94 52 73
32 17 92
87 47 97
41 89 84
0 37 15
92 84 76
39 62 44
3 35 51
31 35 94
23 51 26
36 16 65
28 43 32
74 18 31
4 80 58
81 84 98
29 6 37
59 22 100
77 93 70
41 82 90
16 74 63
64 18 74
82 93 41
6 65 87
60 64 95
17 47 56
59 43 89
66 16 81
60 18 26
97 51 76
34 21 42
83 99 77
55 38 15
36 11 30
65 55 52
29 21 58
67 95 74
87 4 24
20 83 56
87 53 59
62 12 46
61 77 24
33 30 10
78 0 46
13 64 72
34 49 75
72 24 87
95 30 49
2 57 19
38 17 67
77 65 52
73 23 89
24 39 48
52 41 45
84 68 39
31 59 59
21 21 67
73 100 16
43 5 79
31 50 71
54 17 30
73 55 61
53 56 33
96 86 74
79 86 28
33 66 26
22 94 63
22 73 96
80 84 72
3 15 46
80 40 100
22 0 94
50 1 47
84 28 12
71 85 18
38 96 24
47 78 37
84 47 37
35 41 59
50 19 76
56 65 66
85 1 16
22 9 90
31 21 91
35 78 26
13 0 49
25 14 19
59 21 80
56 43 29
64 50 42
0 62 44
81 47 95
72 37 68
60 23 29
42 63 44
12 19 59
82 71 59
6 40 26
67 86 24
57 31 89
41 76 33
69 52 14
25 39 36
35 1 27
55 42 91
46 64 88
72 50 20
9 32 28
63 71 94
0 25 25
11 90 28
97 62 17
8 59 32
10 94 79
4 46 78
92 89 46
89 57 56
39 15 85
56 72 35
93 84 15
73 13 43
54 64 34
43 0 95
85 29 66
83 6 100
67 17 17
5 38 50
35 89 16
46 77 54
52 16 40
21 5 18
89 92 64
63 0 66
74 50 24
55 11 14
58 54 100
47 75 42
52 96 75
61 21 27
26 22 78
41 82 21
0 78 67
52 68 29
72 95 47
32 70 44
91 74 34
80 24 35
95 12 29
22 29 48
56 46 56
94 60 56
21 39 73
55 52 96
54 28 37
35 22 38
100 94 46
83 8 50
83 24 20
13 70 73
5 56 37
12 35 81
95 38 54
55 86 13
73 14 86
62 12 59
5 93 18
85 60 73
7 78 63
85 33 91
25 34 21
51 62 85
52 92 82
48 100 20
69 85 83
48 14 33
48 5 93
81 81 91
25 47 63
64 17 97
19 86 35
61 58 67
49 82 34
77 4 62
4 59 85
42 5 16
49 40 98
91 71 51
38 71 52
58 79 56
61 5 77
53 65 27
79 34 83
8 37 50
82 27 11
6 100 86
76 6 15
24 33 34
84 34 18
42 68 81
65 89 67
2 93 20
50 73 39
89 59 87
94 34 83
0 26 17
77 4 44
43 48 56
34 39 95
13 53 90
72 21 34
28 88 56
49 52 35
62 13 23
13 13 17
66 73 20
79 34 81
6 45 89
83 100 52
6 62 44
71 28 60
21 16 76
85 85 24
5 22 70
12 27 64
27 48 73
25 44 29
51 43 45
49 23 39
43 64 44
2 68 54
46 49 57
78 28 42
5 11 64
46 38 13
15 97 24
83 60 51
61 33 99
14 92 83
37 78 66
88 43 59
96 92 54
10 90 74
88 51 34
58 33 31
24 47 65
76 79 35
40 35 78
50 52 14
88 11 58
100 33 52
86 59 16
93 85 63
36 24 70
18 54 26
85 90 27
24 22 38
22 17 33
13 2 78
81 36 74
76 26 81
31 91 92
49 19 75
36 98 36
61 69 48
8 81 15
77 19 26
86 40 27
92 78 82
12 97 29
42 65 46
27 3 29
74 48 96
1 66 13
83 33 97
7 6 100
53 86 42
39 19 95
17 55 83
45 98 86
7 87 52
92 0 17
42 44 83
41 75 54
9 74 79
64 69 41
97 44 30
1 2 67
72 48 34
35 23 63
96 31 36
48 92 30
31 34 36
79 35 46
0 92 40
17 63 89
47 24 14
85 63 67
70 61 17
49 81 81
98 96 66
70 44 49
89 46 66
42 7 24
56 15 45
80 29 22
71 46 14
37 93 18
97 63 49
41 3 14
42 75 79
81 45 78
82 48 87
98 42 48
26 70 55
89 81 42
31 26 51
42 24 98
98 100 70
27 72 33
59 16 23
72 94 56
18 1 19
42 31 77
53 8 44
45 36 61
44 98 32
1 48 98
35 14 39
15 67 36
79 19 33
29 44 41
81 29 30
70 49 70
17 38 69
78 20 94
40 19 80
94 64 79
53 67 30
94 10 40
87 34 86
36 19 73
8 17 22
13 73 17
13 77 88
51 84 49
29 70 30
29 53 92
12 6 72
8 4 73
15 8 75
89 83 19
16 78 25
47 80 69
3 33 87
51 53 30
92 5 46
51 34 67
36 96 51
92 34 19
29 37 54
71 93 62
64 27 82
17 26 85
91 38 46
73 32 79
64 42 37
82 11 42
81 35 91
19 27 38
85 28 50
31 27 86
87 74 63
43 80 17
78 8 57
68 64 82
72 97 58
66 50 29
88 89 24
53 47 23
31 10 81
86 44 33
94 38 62
89 86 61
49 82 35
53 16 92
96 5 49
16 87 64
89 92 73
5 5 53
0 91 40
46 97 71
30 82 49
89 37 51
53 33 22
26 46 27
19 36 81
52 17 69
31 55 36
84 60 17
32 21 39
13 79 50
10 40 73
17 62 42
92 52 54
12 12 86
47 38 53
2 77 94
38 85 20
16 95 56
22 4 43
96 91 14
58 98 85
98 6 43
92 62 57
4 2 22
30 78 29
2 62 17
80 43 92
45 68 65
96 53 38
34 24 59
11 75 89
63 34 95
17 44 57
25 46 59
59 24 96
33 4 75
2 3 20
10 18 20
55 88 33
34 4 98
19 9 81
60 92 85
90 36 50
84 80 54
16 42 58
7 59 51
64 1 57
26 52 58
14 35 40
35 19 60
19 26 86
78 18 36
72 47 97
26 35 45
69 34 54
26 69 53
81 32 70
10 98 16
33 40 45
93 46 98
20 18 100
21 8 67
53 28 56
0 2 69
41 83 36
32 41 38
97 79 24
70 43 97
49 96 100
14 100 28
27 74 62
20 38 28
87 59 73
44 70 60
91 18 46
4 74 42
98 66 82
30 49 68
94 20 73
88 94 74
8 90 92
66 38 37
61 37 52
57 56 55
38 55 88
48 45 65
44 83 21
34 82 50
92 92 49
73 76 64
54 86 81
26 45 30
58 53 21
11 40 11
15 67 62
96 34 32
94 71 72
13 9 55
60 94 15
62 25 23
56 96 40
32 99 51
48 9 19
50 54 43
94 34 16
40 79 46
28 66 10
89 58 79
13 52 27
11 0 94
2 79 96
11 8 71
18 93 39
44 9 87
56 11 66
43 23 60
51 33 65
70 33 97
95 99 55
29 88 42
37 51 92
67 82 34
57 57 45
27 37 60
73 2 34
87 60 95
36 6 97
17 80 86
53 48 66
92 59 97
3 90 97
56 52 16
27 84 80
16 15 72
61 31 78
92 39 58
98 23 96
6 97 62
80 18 34
6 6 36
96 95 33
84 63 87
92 75 32
52 61 20
50 34 17
61 9 86
13 55 19
38 82 49
69 87 94
41 6 84
31 33 49
83 13 96
72 21 90
52 90 68
21 81 46
91 21 62
46 35 65
83 16 60
8 75 18
5 58 45
8 30 74
0 22 19
11 34 90
40 48 98
14 96 54
18 6 87
80 7 45
45 45 10
0 69 51
69 31 15
13 16 96
32 8 30
74 45 82
62 56 81
82 86 59
22 90 64
98 78 26
36 49 72
30 63 50
22 79 96
92 31 49
66 3 47
8 99 60
2 43 98
88 44 93
14 83 17
91 95 69
67 100 87
70 68 99
18 28 14
15 63 41
81 78 57
61 22 57
41 29 13
22 85 52
83 59 38
30 75 68
43 97 41
53 4 84
11 98 16
9 51 40
47 26 19
87 46 91
96 44 56
97 56 42
57 2 75
1 21 71
34 90 87
59 86 61
79 94 45
58 98 95
100 40 97
7 33 99
18 74 99
59 49 42
45 86 27
20 12 41
1 49 70
64 74 91
17 68 16
97 6 44
38 11 31
29 67 57
13 64 60
86 32 49
1 30 13
20 4 86
86 67 82
11 61 13
0 91 88
100 95 30
51 69 27
55 19 13
40 11 81
2 27 52
58 2 83
44 71 17
76 24 43
14 0 60
13 83 100
56 9 35
84 82 91
63 62 73
71 55 50
96 3 86
54 14 94
26 37 22
37 21 90
91 61 17
56 90 82
26 68 16
87 44 86
95 86 55
86 44 38
7 16 24
62 3 68
39 39 91
48 60 23
16 60 35
63 36 10
39 30 93
21 81 47
79 58 20
23 14 37
49 35 12
68 35 100
92 70 90
73 10 91
77 91 41
91 69 74
19 63 79
96 65 98
72 47 83
26 95 23
55 94 64
54 17 96
90 80 28
90 80 93
80 6 67
62 90 37
88 73 80
89 60 99
79 39 81
11 98 41
60 10 36
68 90 27
19 10 76
91 19 17
71 44 82
17 62 57
37 0 18
7 22 30
90 4 24
56 67 95
26 46 42
13 48 28
46 14 85
83 71 37
43 59 27
84 31 88
71 76 79
52 8 14
36 75 26
63 100 71
36 86 40
5 4 11
94 95 61
55 54 75
78 79 73
13 54 97
69 63 31
37 40 26
74 73 77
67 41 84
0 54 40
57 12 95
39 82 16
42 38 90
60 12 29
50 73 10
66 39 97
96 7 75
69 10 25
73 23 72
33 10 14
24 22 86
85 91 25
12 40 95
25 75 42
98 42 36
19 84 91
35 90 73
53 95 57
46 21 55
80 45 33
60 82 67
8 8 42
5 100 55
75 56 50
72 25 41
97 81 75
64 87 54
72 78 40
90 40 51
95 35 84
76 93 22
17 0 53
93 46 12
87 53 68
70 52 64
85 58 41
57 94 44
35 65 85
72 73 86
19 54 81
84 18 37
30 77 98
50 73 26
11 47 47
22 47 32
48 40 73
28 45 22
16 14 100
78 50 24
48 86 21
72 13 67
56 49 12
13 23 95
75 72 15
86 1 65
2 83 10
74 83 56
40 84 16
80 68 87
45 68 37
10 44 14
92 31 18
75 12 91
42 70 52
13 39 31
78 70 25
86 34 23
62 78 62
83 55 97
89 17 10
30 45 43
85 24 62
46 80 98
76 31 70
81 87 86
8 38 37
96 62 50
76 43 39
1 16 75
7 87 98
19 97 94
13 23 28
40 11 37
49 60 21
61 33 64
84 59 53
84 16 95
40 43 24
32 28 65
3 78 90
65 33 58
100 24 89
35 15 16
15 40 29
73 77 42
37 72 77
36 83 62
92 46 37
56 7 65
15 31 61
31 10 96
100 81 85
68 41 17
38 78 47
33 2 52
79 23 24
15 27 31
37 11 66
47 44 61
7 47 77
20 24 32
88 34 13
21 83 77
20 59 52
27 88 26
18 37 23
61 54 14
87 99 71
15 89 99
15 94 18
