66 19 90
39 70 58
89 46 47
35 76 70
50 86 95
68 1 68
88 77 97
92 97 74
56 25 20
57 3 82
96 21 37
92 39 17
70 11 91
61 14 17
38 26 84
99 36 86
61 4 42
68 13 45
32 39 69
4 3 29
67 25 57
52 14 77
48 64 90
6 3 81
50 86 95
52 29 35
81 52 71
29 12 78
43 22 35
53 23 64
44 28 45
11 69 84
17 95 91
78 26 12
35 37 99
28 48 49
77 34 93
57 58 34
5 72 11
80 25 44
70 6 13
34 37 88
6 86 99
30 73 56
61 22 72
37 82 48
89 54 35
59 26 90
54 0 19
99 28 20
49 6 40
27 46 65
84 41 16
45 25 10
52 94 48
92 63 28
35 8 46
43 19 72
65 94 78
74 68 15
47 70 19
42 31 17
3 90 34
22 61 98
12 8 75
99 65 32
20 29 20
12 38 40
91 58 50
67 81 96
84 72 100
68 2 13
39 97 86
18 21 44
16 40 16
77 43 35
81 67 59
44 43 58
65 72 90
1 86 87
48 34 98
11 65 88
74 51 93
53 54 37
61 6 31
2 13 59
16 17 12
27 23 76
61 93 18
93 28 27
56 90 40
37 19 17
30 34 61
48 28 71
92 41 34
14 55 34
78 80 63
93 97 56
14 44 23
76 47 36
